471	619
667	972
701	813
373	543
697	757
550	632
215	574
399	465
859	966
1233	1339
932	971
1138	1256
563	662
1186	1442
912	1233
711	873
822	924
853	952
934	1150
1349	1412
473	678
1194	1371
938	1155
664	951
164	253
260	470
334	490
988	1202
408	475
1214	1304
811	851
1411	1446
31	174
90	140
622	717
77	164
316	1031
423	499
1132	1439
47	83
131	238
1110	1382
446	495
1131	1338
1498	1579
219	363
242	561
1078	1191
460	817
95	1327
151	209
404	546
1229	1366
1271	1527
411	1327
943	1095
182	369
866	1523
159	304
134	512
450	592
479	949
782	952
802	867
376	592
751	848
1022	1596
1420	1579
86	247
632	717
1003	1221
1042	1141
1064	1140
91	315
1112	1317
1211	1454
615	942
1244	1345
1269	1458
1339	1364
138	390
858	1046
326	441
993	1061
1093	1354
1005	1358
1062	1261
289	374
865	954
1130	1241
153	431
552	607
1358	1518
1044	1341
1306	1430
541	1429
331	397
600	741
492	591
922	1101
1406	1600
619	838
745	859
39	137
483	545
1067	1191
855	1104
864	1018
884	991
82	286
1338	1430
1455	1579
732	808
324	918
504	630
23	104
748	1465
1366	1507
3	280
840	1419
333	449
1270	1418
834	1244
262	319
488	1437
410	742
1027	1474
992	1067
757	826
98	1079
560	635
677	1079
764	867
587	743
991	1162
416	524
997	1091
529	1363
426	531
568	944
696	884
646	870
108	195
942	1236
957	1209
1025	1430
526	895
228	279
1133	1318
1518	1574
813	913
499	619
952	1024
1097	1407
700	1019
83	144
461	509
387	510
861	1229
222	305
1040	1061
536	622
666	742
1346	1583
888	940
111	199
500	646
854	1465
761	908
139	210
454	578
34	141
1166	1366
555	617
1129	1275
601	715
475	571
256	388
1085	1263
959	1529
347	467
971	1140
302	896
161	263
620	838
651	892
750	924
1014	1294
1227	1398
614	696
640	788
392	1077
715	786
755	983
919	1131
1011	1131
202	320
97	195
519	1231
1303	1432
459	564
1213	1383
1407	1591
1128	1579
350	375
1228	1293
116	169
665	868
808	1095
396	465
42	88
249	917
886	1338
1329	1356
1379	1465
46	116
332	459
641	972
61	370
481	761
323	403
284	805
547	1079
513	751
789	1010
994	1261
613	685
69	160
548	636
167	423
1030	1477
1098	1338
1419	1557
780	828
816	1150
1092	1214
1033	1544
276	824
926	1062
175	295
281	311
1079	1181
346	478
627	684
714	843
905	1110
140	164
425	654
528	965
29	65
1109	1477
342	1498
163	1345
1197	1339
653	720
862	1035
1034	1392
744	867
580	783
204	543
233	324
300	424
1362	1470
887	944
325	666
453	686
671	1214
455	600
1019	1214
683	753
936	1263
1196	1279
564	634
746	1115
186	620
844	867
1263	1493
58	319
437	867
765	955
556	727
55	178
313	727
418	470
663	887
358	483
1008	1354
1417	1593
879	1405
64	396
40	144
1095	1196
1321	1358
1356	1419
445	499
1158	1376
44	214
356	399
390	471
299	397
255	561
440	603
1408	1551
1159	1349
87	802
279	359
381	616
126	611
669	757
752	1261
369	675
427	521
1154	1415
49	217
654	863
1124	1437
1169	1418
522	612
877	1349
1400	1535
238	316
906	1006
1117	1285
1215	1529
185	383
1314	1590
686	767
554	807
205	534
1153	1231
689	827
759	1001
773	904
538	653
372	461
183	274
617	711
1037	1089
661	1250
805	895
76	757
1107	1197
1440	1540
1195	1498
223	246
925	1071
1001	1377
875	1339
910	1334
18	490
1230	1411
16	930
972	1031
290	490
995	1130
457	549
609	738
1361	1417
1231	1406
749	984
127	192
648	757
362	418
482	591
990	1122
501	629
698	851
406	509
953	1065
1304	1382
477	735
120	525
271	453
509	610
592	729
901	1253
65	110
206	376
315	477
317	466
301	383
582	742
679	770
149	183
931	1215
1219	1442
93	173
630	869
729	856
944	1065
375	472
398	520
1294	1514
584	1025
947	1364
367	446
351	993
867	896
213	418
43	118
278	350
562	943
144	301
705	990
35	192
690	795
645	1318
863	928
682	738
680	971
642	1334
1156	1383
1191	1441
14	726
130	228
100	170
937	1034
1189	1522
819	986
443	580
892	952
377	1193
166	951
506	678
570	1429
848	906
512	696
857	1590
355	750
345	624
32	202
827	1314
779	1137
272	537
832	1140
25	139
452	582
657	1504
889	1536
688	824
913	992
1051	1498
1190	1301
486	542
1147	1334
1268	1384
561	611
194	269
634	753
218	870
359	423
1272	1412
1212	1405
625	892
370	932
26	88
402	486
605	813
784	848
1006	1171
266	308
1331	1412
1328	1518
1139	1380
579	679
155	209
872	972
112	670
113	251
1100	1264
441	486
727	1122
787	884
320	1131
191	368
589	767
974	1014
1241	1475
156	331
535	833
1146	1319
846	1054
1226	1350
895	996
212	398
309	349
687	1150
311	427
337	522
868	1125
62	285
524	884
430	689
447	1002
1108	1268
1247	1356
881	1589
894	1094
48	289
170	266
306	413
240	397
221	300
462	600
295	389
239	944
349	1011
1010	1179
484	1403
1176	1364
1261	1336
557	797
591	660
1119	1380
662	740
490	775
494	834
583	780
870	904
849	872
1236	1426
1364	1497
117	408
507	689
608	697
824	879
200	334
415	863
496	639
1380	1589
806	1483
1017	1338
245	308
531	759
374	455
132	678
527	664
70	354
1178	1366
258	634
468	605
203	285
702	1019
1160	1361
637	783
814	1455
945	1088
573	689
52	141
1193	1354
303	452
216	334
530	1321
897	1040
989	1427
122	938
898	995
1253	1361
180	245
88	140
961	1480
449	536
1333	1470
1072	1181
799	974
226	908
147	985
59	140
835	944
537	678
81	164
594	705
964	1241
330	386
575	745
921	1412
545	822
1199	1412
94	641
63	117
68	187
314	1081
1057	1095
188	461
927	1067
1150	1402
230	1596
909	992
277	338
928	992
253	383
908	959
431	496
786	863
797	988
173	445
220	277
1065	1422
914	1212
110	180
684	820
114	165
871	951
896	971
923	953
1458	1503
294	604
1242	1343
24	65
1325	1498
5	41
56	266
257	441
498	563
247	445
638	757
115	536
565	790
723	1171
12	853
924	1003
525	792
472	534
386	478
804	901
585	684
338	443
930	1057
633	1124
246	305
343	466
954	1137
821	856
409	952
1327	1440
9	390
168	246
1004	1175
448	496
207	1024
553	688
869	923
335	730
231	292
1392	1520
160	209
636	892
903	1108
385	1182
1002	1452
176	938
162	231
21	95
893	1040
336	1442
891	1010
286	423
72	1024
189	280
753	846
1115	1472
389	545
975	1205
1120	1244
187	238
709	1231
678	984
236	495
1302	1479
734	851
135	1010
106	140
916	1096
777	824
28	100
1183	1383
720	871
1111	1306
282	473
710	944
57	259
828	903
195	329
210	586
391	896
629	761
50	292
760	1554
174	231
237	552
270	525
1091	1214
394	767
833	1011
214	411
809	1478
935	1513
878	1138
1237	1403
1	192
647	1035
1249	1440
951	1042
1276	1457
873	1015
624	757
241	559
263	362
38	83
602	757
940	1098
521	637
772	1017
383	455
365	452
85	160
171	1338
1281	1440
607	1315
851	928
941	1458
948	1155
1029	1440
695	1271
329	578
650	740
124	245
1177	1440
322	522
118	160
776	927
616	717
766	1249
783	852
1046	1211
1089	1171
986	1119
1162	1222
1188	1269
836	1188
1418	1576
735	808
305	375
1354	1518
1394	1497
152	444
71	870
36	103
999	1093
121	208
74	222
1071	1303
261	404
831	1196
839	917
708	1223
825	1104
293	344
532	610
1315	1382
691	1349
395	828
1223	1339
741	852
668	1004
493	629
510	573
856	931
137	266
280	319
234	380
209	300
966	1125
820	923
465	578
658	729
146	209
1405	1512
1446	1540
1086	1162
196	365
1054	1244
675	870
795	957
1184	1343
659	776
259	344
596	663
674	870
685	884
704	859
1376	1499
631	685
726	1079
692	1331
78	192
37	83
514	848
515	1171
874	972
1155	1295
192	235
1382	1464
66	151
1341	1417
845	898
45	74
788	913
0	178
67	227
251	397
1377	1466
380	498
405	509
598	779
738	809
53	203
770	1270
1056	1504
388	726
737	846
1216	1446
1319	1424
80	146
363	468
154	714
610	865
635	697
542	609
422	625
899	1328
693	741
208	328
508	783
366	463
838	924
725	877
104	154
478	575
451	711
1209	1478
1084	1244
368	428
198	470
297	524
742	851
618	1498
707	1329
1427	1571
520	738
109	675
491	715
569	972
442	612
89	426
1023	1595
578	613
438	702
946	1419
1039	1162
1125	1292
287	350
681	1243
1061	1231
1412	1558
551	750
1208	1412
918	934
379	613
852	955
1260	1440
424	521
534	727
265	424
22	77
1334	1416
143	389
917	1079
807	929
1013	1430
505	594
1167	1349
54	112
190	896
740	798
417	1125
960	1110
1090	1595
1264	1478
1020	1261
1201	1343
193	277
197	438
511	630
328	486
1055	1229
432	609
929	1050
716	1141
796	937
880	1097
649	985
810	1226
660	852
444	604
41	460
1063	1171
254	462
119	319
169	248
436	634
559	726
1009	1382
567	616
876	1035
319	380
312	1338
890	1156
1181	1441
128	219
1052	1356
382	1122
285	388
428	517
549	705
882	947
743	848
308	397
129	211
571	786
756	1098
1185	1518
604	729
30	233
606	686
733	852
793	897
165	214
371	579
354	696
378	848
487	634
1145	1270
75	85
248	299
419	496
1024	1076
145	285
1318	1389
235	315
985	1431
717	744
275	399
60	387
885	1214
352	658
148	187
470	538
103	127
643	824
413	620
731	902
101	156
217	537
543	582
984	1490
466	532
719	918
1035	1119
1414	1481
655	997
353	417
785	1304
99	150
639	709
1053	1166
458	567
1015	1072
158	531
269	301
292	375
586	833
603	914
344	472
949	1089
794	927
883	1429
298	502
670	826
830	1328
1048	1213
502	708
485	1329
1175	1304
273	388
826	881
13	309
227	334
1292	1432
136	334
150	311
904	1037
467	804
1096	1338
51	119
518	971
612	863
6	113
546	769
730	951
304	388
767	960
1224	1420
1353	1488
397	477
1278	1423
19	100
588	952
956	1222
676	1085
566	822
232	953
1135	1208
792	906
224	637
357	616
544	606
724	1241
1257	1418
1041	1085
1012	1268
178	326
1122	1261
644	1212
523	960
310	649
495	701
915	1053
1140	1181
673	793
1050	1270
27	279
1141	1198
1137	1214
274	399
920	984
211	363
393	472
403	688
611	679
1206	1594
141	213
965	1442
463	513
1265	1374
33	83
172	281
1171	1229
775	905
84	214
1047	1189
